100587
100588
100609
100621
100622
100629
100632
100633
101708
101718
101719
101720
101721
101722
101723
101724
101725
101726
101205
99759
100788
101577
100851
182651
152956
100669
100675
101640
100670
101797
182653
101601
100825
101220
100028
101524
100358
100904
99367
99595
101296
101064
99604
99683
99779
113488
99938
101768
99235
100068
101462
122869
100234
108152
182654
182655
100166
100144
135655
100880
101799
100778
152163
99350
100163
101612
152951
101607
101609
101608
99617
99833
101535
99980
101109
110966
136440
101453
100577
100757
99502
99557
99944
100279
99336
99881
101290
99590
100133
100771
152158
152177
152197
99762
100835
112102
101552
101469
101470
99692
99315
100338
99965
116048
152154
160219
100692
99801
101695
99999
100353
100735
152195
182656
99430
99492
113006
113007
130502
152938
99240
99578
100072
99325
99605
100203
99742
152975
99541
112849
100925
108151
136245
99508
100379
100205
99813
152183
99565
100394
100054
99743
152225
136268
100297
100081
152184
134243
100499
99958
99823
99327
101471
101664
100016
101694
99487
100750
100782
136737
152957
182658
99593
100384
119611
100758
137028
100367
118687
100022
99055
99057
101504
100260
101550
101758
100657
119320
100052
99658
100867
121857
99680
99798
100909
100893
101651
99299
100784
144683
152939
99443
99540
100706
101467
99416
136738
100796
101153
99083
99911
100132
101426
99402
99861
99945
100636
99582
99374
100137
110888
100765
100557
132014
136739
152940
100891
101482
100505
99642
100311
124214
100897
99206
99556
99589
100206
100725
99408
99314
112592
99170
99202
99105
101506
100656
101665
182659
101465
99062
100901
99358
100219
100319
101713
99548
100874
99741
100895
100889
101591
101590
101618
101617
101126
100884
100903
101071
99157
99963
100879
100658
99761
99939
100752
99996
99247
101450
99126
99127
99145
100042
99146
99147
99148
99143
152941
99144
101706
99116
101475
100185
101476
100513
100207
99178
182661
99064
99571
101783
101631
100953
100678
100685
99826
101040
101017
99748
101246
100425
101234
101028
99552
100870
99246
101281
99758
101313
101314
99270
101270
99746
101031
101316
101063
99279
101317
101279
99301
101324
101283
99294
101233
101327
101271
101457
101263
101041
100289
100888
100877
99302
101261
99255
99214
101735
100865
99260
101325
101018
100085
101328
100876
101059
99772
101441
99747
101440
99236
101284
99293
101278
99271
101235
99259
101264
101318
101019
101042
99278
100424
101039
100896
100856
119612
100885
100949
99191
100091
100980
101459
101373
99298
100372
150277
100017
100605
100721
100747
110965
99822
110893
100983
99074
101756
101505
101555
99104
100886
99185
99181
100512
100155
100671
100695
100777
99252
99208
99212
101463
101483
101419
99560
100768
101005
101540
112593
152211
152981
152987
182662
100566
100565
100074
100130
100253
111204
100853
101167
101569
100086
152916
100567
152972
100564
152973
100056
101539
99718
99209
99200
100649
99234
100648
101598
101554
99674
101784
152976
100538
99283
100429
100403
100411
100550
99168
99082
99669
100756
100871
101243
99693
99807
101353
101668
99204
100809
100414
99544
99607
99928
152182
100278
99926
129842
182663
99558
99559
101122
99788
100570
113005
101044
100168
101565
136465
99990
101760
100730
103613
99750
99528
99086
100324
101531
112588
100986
100604
100451
99603
101021
99690
99757
100104
100406
100508
99696
99158
99091
99154
101006
101119
99662
99962
101527
100184
99897
99685
100204
101581
152200
99282
99774
101118
100610
101413
101514
99193
99194
101548
101004
99269
99256
99253
99303
100454
99243
99211
99210
99084
100623
99291
99623
99592
101522
100724
99059
110967
100506
126150
99504
100001
113490
99555
99479
99588
100154
100811
100374
118535
101681
99362
99404
101096
152155
101571
99519
100005
100264
111116
152983
182668
101093
100138
100551
101003
101099
99431
101000
100717
100306
101095
99682
101196
101397
99413
101563
100114
152160
100713
182664
153445
99808
100141
100417
99973
99777
99340
100282
101104
99732
100333
100918
100040
99397
99512
99918
100098
101142
100642
100908
101586
99419
101176
99488
99562
99526
99459
99579
99659
100288
99173
100092
99566
101084
101626
100146
99783
118688
100519
100325
100741
182594
99066
152224
99892
99268
99239
99618
101654
152961
101808
100496
100500
99988
100258
99891
101594
100145
99410
99053
100064
100947
101611
100593
99395
101627
99455
101061
100023
136803
100007
152206
100174
101098
99704
99998
119841
101075
101117
99497
112256
100300
101074
100408
99457
100094
101639
99347
101448
100552
100560
100407
99284
99825
99076
152985
99180
100386
101508
101488
101553
100365
100457
99464
100793
101574
99970
101022
99175
99174
99804
100151
111117
182649
99577
99539
101596
152218
101678
100691
100370
99265
100991
101001
113288
99799
100452
113002
100990
100731
101191
99964
100993
99266
100992
101312
101468
99814
101789
99893
100541
100572
100838
100839
100840
101020
135086
101645
101036
99320
99121
101736
100662
100921
101008
100025
100734
101165
99812
100510
99622
100083
99383
99129
100837
100055
119234
135915
100987
101308
100902
136269
99131
101632
99828
99781
99661
99378
101541
99829
100430
99870
100392
100522
152226
100162
100067
100831
101375
101368
101733
99187
101557
99241
99894
182666
99896
152980
100201
100910
112954
152205
99110
99290
100233
100308
150344
99289
99316
101798
110892
182667
111114
99159
100216
99601
99684
100161
101447
99441
99216
100373
101766
99874
99452
152188
100887
100984
152186
152196
182669
99130
99724
110891
152153
182670
99297
101421
101614
100270
100815
118893
99933
112953
99614
99927
100202
112587
113427
152201
99058
99287
99679
100502
99286
99660
99768
101274
99321
100120
101173
101137
100165
100860
100900
112956
99656
152187
99610
101418
99035
101143
99096
99097
99802
100602
101547
99531
99249
99667
101804
99634
99663
100312
101787
101658
101646
152968
100931
100797
99231
117482
100694
111203
99495
99992
116839
100794
101578
101697
100868
100780
99344
99583
99169
99482
100100
99895
110887
99616
100761
135656
100699
101218
100924
99468
120183
100813
99467
99471
110821
99991
100767
101481
101455
101431
99281
100059
100343
101414
100171
119613
100271
100468
101503
99708
112590
99922
100268
152152
101389
100159
112951
100634
100581
100563
99070
100989
100079
100169
101585
100210
101759
110886
99769
101449
100215
99496
112582
111119
99343
152219
99518
100029
100194
100715
182673
182674
99629
100322
99333
100498
100635
100213
132154
99796
100228
100850
100148
99166
99361
100093
100607
99162
101497
99160
100625
99165
100601
100599
100611
100617
100615
99163
100628
100598
100600
100612
100618
100627
99164
100626
100616
100624
100608
100019
137029
100603
99079
100105
101140
100786
182676
101526
99784
99914
99277
100420
101633
99678
99871
100536
100869
101568
99831
101416
101127
99393
100881
112585
99985
100266
100683
101293
99672
100276
152194
101579
99728
110174
99942
182677
101130
100665
99516
99782
101179
100368
99305
100689
99213
101480
100469
100051
100726
143991
100241
99489
100010
100795
100470
99797
99328
137183
182679
136598
99722
137792
99821
100821
152191
182678
99529
100711
100745
152190
99390
99844
99078
100875
101659
100728
101187
101411
152180
100287
100997
99222
99318
100841
99919
101512
99090
101772
101171
152216
152208
100591
99491
100471
101815
100037
100710
110885
100760
110883
137133
99311
100140
100892
100899
100378
100583
100584
100515
100516
100528
100524
100525
100578
100579
100553
100554
100555
100562
100569
100532
100582
100586
100523
100559
100341
99089
100355
101068
99117
99106
99107
101073
100830
182680
100015
99523
182682
112095
100537
99149
101560
100119
112096
112949
100359
100530
100102
99050
101443
100592
100472
101091
100125
99101
100702
100836
137030
137428
112257
100332
100982
99049
100473
99733
101529
100153
100484
101429
118297
99388
100227
100933
99177
100857
99061
100497
99351
100021
106351
152157
100018
116009
100336
116008
101338
101357
99453
152979
100459
101214
152974
100439
101307
101306
100542
99394
119654
99498
99727
101289
101444
100606
101034
101518
101669
99275
99856
152220
99527
99613
100236
100078
99365
100250
99920
99611
101740
100509
99123
99391
100224
100240
101182
100232
99405
101299
101298
100826
99677
100957
99120
100913
101742
100351
101741
101605
99119
99764
99257
99575
100352
100044
152949
112254
141867
100474
100863
100917
101133
100776
100475
101647
99795
101519
101670
100428
99377
119168
99668
99624
100748
126961
100158
101610
100898
100938
100547
100574
100573
99882
101146
101748
101750
99273
101753
99272
99220
100890
100912
182595
99934
101652
99349
99371
99232
101602
101240
100369
100192
99319
100655
99150
99731
100504
100191
99248
99697
99749
100972
100973
100907
99729
100362
101685
100087
101132
99657
99753
101728
100476
99179
99122
100432
99036
100854
117807
99631
100463
99218
152173
99946
99977
100101
100652
99396
99071
99858
100461
99959
99984
100011
140144
152164
99338
100115
101542
101054
99499
101765
99994
136631
112099
99280
101629
99434
100739
99366
99554
99811
99792
101625
152958
99446
99494
100820
100178
101769
152944
99969
101500
100818
101366
100773
101210
100828
152959
110963
100267
100212
99449
99530
100063
101543
110820
118963
100065
100181
101761
100426
117483
101630
99424
100237
100945
101810
100180
100950
100189
99641
99646
99647
100349
99865
101584
100334
101794
100061
100193
100339
113003
119325
100239
100346
100380
100460
99077
101551
101545
100952
99568
100047
101079
112098
118194
101544
100465
100464
100466
100467
100235
100927
101796
100175
100930
99553
100585
99827
100922
101088
100974
101727
100447
99135
99136
100810
101806
99037
100941
100754
101141
112094
101065
100998
99114
101067
101015
101194
101764
100740
110961
100844
101650
99925
100252
100996
100932
100035
101029
101634
113227
99671
99493
99503
100827
112255
137033
182686
107613
100753
141465
99514
101221
101435
101739
99766
99237
152986
101732
99886
101027
101636
100257
101294
112097
99983
99954
100744
182684
99883
135955
99884
101272
101407
101351
101340
99547
101388
99537
100769
100847
103615
100255
99473
101223
101561
100387
100677
100833
182683
99341
99536
100309
136802
107411
99324
99398
99461
99987
101771
101744
99381
152156
152162
107081
112091
112092
131968
99957
99789
101310
101129
101683
99399
99534
112090
101175
101168
100182
99233
137031
112089
136697
136698
182685
99889
101343
101361
101364
101331
101347
101403
100956
99357
101384
101198
100822
100456
99585
101180
101204
99888
99900
101197
101315
111118
119836
101185
101259
99511
100427
99510
99369
99481
101002
99972
99835
101007
101232
100097
100198
100172
100164
113489
99113
99112
101391
100568
99997
99887
101363
101437
99462
101399
99075
100190
99432
100103
101615
100653
100099
112093
152169
182650
101781
112083
101673
100723
99643
100637
99794
100293
100323
100321
101285
100638
100121
99230
101123
99695
101238
101174
101380
101378
101424
101152
101277
119235
100619
99915
99800
99292
100449
100988
100614
101749
101644
99103
100620
101638
100124
100285
100521
99652
101102
101225
99389
99877
101211
99851
101231
100177
100883
101641
100230
99317
99326
99363
99936
101643
101674
99941
99670
101780
99195
101580
99198
99201
99189
99042
99845
100281
112082
111115
152945
101427
100489
101161
100783
100292
100589
100680
182687
99155
99156
101509
101510
101511
101792
118846
100354
101696
99038
99190
100107
101282
100864
182688
101516
101606
99407
99864
100477
99564
101819
136270
182689
100048
100196
118696
99197
99267
101686
100284
152943
100693
150276
152207
100245
101458
101415
99940
100817
99737
100226
100385
99645
100590
99100
99843
99809
99721
101183
100348
99875
136630
99085
99701
101162
100647
101148
100340
101172
99878
100320
100396
100645
100303
101150
99092
101793
99810
100646
101057
100291
100347
99699
101779
101195
99842
100337
100310
101058
101056
101184
99093
99694
101072
99700
99094
99698
99751
99841
99873
100733
110645
100302
100639
99598
101502
100718
100030
100762
152953
182690
99172
99102
101489
100684
100330
100444
100294
182691
100301
100441
100024
101763
111256
152942
99866
100855
107617
152950
182692
100186
100842
99040
99356
99300
100732
101520
99041
99665
100576
101635
100360
99412
124011
136443
99793
152217
101689
100265
100134
99067
99763
99803
101055
100249
99348
99790
99644
99978
99820
100038
99372
100697
100805
101667
101600
101710
101660
128151
119655
126193
126987
152161
99472
99205
101813
101613
99849
100824
149355
99427
99818
99664
100681
152962
152963
152964
101436
99329
99909
100704
152174
100382
119614
101752
101287
101485
152967
99068
99723
101486
99167
101811
100109
100209
100549
99966
101528
99385
140073
99426
99739
129273
182694
99573
101247
100128
99713
99520
99952
100135
100248
100742
112081
130487
136287
100004
100548
100682
112583
112594
101009
99602
100729
99756
100269
101145
101417
99490
100743
99184
100916
100077
100770
100720
99976
100861
100453
99069
101597
101743
112584
100183
152971
100802
112080
100402
99469
100014
100543
101666
99653
182695
99437
99500
99597
100812
101582
100872
99908
99719
101785
99673
99649
99507
101409
99335
99853
100520
99773
101487
100746
99863
100806
99409
99322
100108
100514
99924
100009
112079
128150
152948
100398
99047
101275
99048
100272
100736
99438
99043
99044
99382
99088
99171
101472
101023
99780
99676
99776
100275
152966
100422
99703
99480
99691
99095
99128
99238
99225
99118
100495
99288
99306
99304
100053
99953
99501
101538
101477
99046
99535
100143
101014
99132
113004
101262
100511
100859
152178
152179
99133
100211
100150
99930
99470
99850
100389
101048
152215
112078
152212
99648
99346
110964
152955
99183
152954
99386
101425
99274
99242
100594
152204
100377
100540
99717
99521
112586
101186
99929
100173
100331
100951
152952
152171
99392
101570
100050
101276
101241
99263
99716
101755
101227
101532
101786
100955
100940
100954
99620
100928
99619
100936
100934
101113
100929
101114
100923
99612
100080
100804
101154
100935
100937
101624
99824
119328
99855
101219
99428
100979
100503
100561
140143
152189
182697
99931
152213
100527
99725
133752
100558
100409
100534
100546
100139
99533
100418
100400
101295
100533
100545
101138
101209
101288
100920
99087
101546
100342
100779
101484
182698
99352
99373
99859
99600
132013
101616
99806
100596
100111
99359
110173
99054
99309
101677
101684
100000
99221
99421
101782
99310
99955
100393
99986
99440
99872
101776
99651
99081
118891
100433
99485
101523
100716
99951
136699
152960
182699
100492
118890
100696
99331
99525
100295
101309
99108
101628
99406
99466
137754
99971
111041
101699
109250
100142
99532
101131
152198
152214
182700
182701
101155
116240
99880
101188
100366
100318
100803
100058
99418
100727
117630
100088
101395
99586
99630
99902
99689
99834
100247
100878
99650
101479
100277
112950
99730
99948
100263
99786
99354
100823
152946
100481
100431
101788
100751
101623
100084
100571
101491
100256
99450
101737
100357
100412
100539
101139
100701
100405
99921
100397
100764
118789
99401
101700
101589
101649
101106
99176
101549
101774
110890
100712
152176
152199
100223
100595
100031
99709
100229
99111
99917
100737
100410
100305
100280
101038
99867
99196
99869
99572
99580
99339
100070
99932
101620
100416
100401
100200
100335
100415
100345
99681
99207
99515
100095
100344
100404
101599
100090
99454
101809
101478
101661
99760
100361
182702
99447
99458
99484
101775
99862
100220
100686
99755
100221
101777
100790
100043
99345
100006
101311
99960
101112
152168
101224
152982
132822
100046
112952
99217
101805
100687
99223
99551
99486
100049
99832
101043
100801
152192
182703
100131
99706
99227
99251
99226
99203
99228
99199
99229
100791
152223
101326
100507
100371
100089
100152
99937
99524
99621
99738
99816
99734
99594
101734
99943
152167
182704
182705
100032
100413
100944
99442
101729
99666
99073
101335
101401
101386
99323
101177
100535
100188
99543
99569
99099
100446
100789
99052
99065
99072
99770
100722
100816
152917
182706
135896
152978
99567
100199
100195
100434
100544
99705
101802
100126
101445
101637
101807
99414
133760
101573
100244
100774
99109
99342
99477
100350
100383
101090
101803
152210
100363
101134
100666
100698
100708
99726
99655
101128
100423
99935
99561
100027
100832
100800
100798
99550
101085
101092
100834
135827
99848
101716
99312
99124
100127
99415
101010
101757
101712
101711
101704
101533
101671
100179
99995
100659
101336
101348
101377
99411
100462
100443
101593
101076
100012
100246
100775
110889
99852
100450
100222
152227
99574
100445
99307
100313
99702
99879
100116
101157
112581
100501
99261
100214
100020
100218
99262
99244
100225
99636
99640
100661
99296
99639
99688
100807
100117
99635
99295
100478
101698
100914
99632
101738
119615
99337
99355
131967
99264
99258
99276
100580
99609
101192
99913
99868
101428
101746
101026
100690
100328
101226
119504
101653
100395
99545
118747
101709
100375
101572
101208
101657
101662
101412
101454
99483
99141
99961
101556
101642
101493
101494
99142
99584
101562
101515
101498
101499
99139
100766
100719
99140
101566
99445
99587
99989
100076
99591
99981
152175
152977
100436
99186
152209
99152
99633
100995
99522
99417
99039
119167
99549
100160
99907
100654
99364
99478
99950
135729
135085
99420
99860
101253
100575
99837
101655
119327
99754
101255
101680
99817
100882
99254
99285
101730
100799
100858
101461
101619
100829
120184
152193
100364
99151
100261
100640
99787
100254
100262
100650
100597
99332
99686
100641
99687
99982
100651
101778
101705
101474
100915
101432
101517
100948
101077
101715
101420
100946
101676
101717
100906
101049
100919
101714
101687
99330
99476
100781
182707
182708
99606
101170
99791
100147
99767
101207
100283
99245
99752
101473
99375
100304
101300
101525
101604
100123
100307
101230
101245
100317
101229
101603
101069
101083
100314
101070
152984
100326
100315
101814
101536
101537
101701
136466
99153
101564
101534
101672
100391
99192
152947
100096
99422
101249
101101
101438
101439
101159
101773
101190
101322
101236
101120
101115
101451
101051
100062
101452
101025
101301
101081
101250
101258
102126
101252
101047
101319
101032
101108
101212
101302
99250
99384
100942
101012
101269
101124
101257
101291
101731
101013
101125
101107
101203
101292
101121
101422
101213
101433
100978
101100
152918
101321
101202
101052
101423
101303
101189
101158
101434
101267
101080
101266
101237
101024
99576
101251
101105
101320
101304
100976
101116
100943
101045
101216
101268
101217
101103
99906
101492
99063
182709
99465
99707
99429
99710
100442
99615
101588
101707
101567
101575
101583
101576
99219
100630
100631
99626
99045
101747
99134
100479
99628
99627
99625
99675
100118
99439
100660
100703
135658
99765
101767
101816
99080
100399
99182
100644
101688
101110
101702
152159
152181
99506
99448
100060
101144
101703
101812
99839
100613
99475
99916
101587
100170
112722
99060
99830
101442
99051
100026
100327
99334
99563
152203
100518
101501
99608
135926
100298
101097
101495
99715
101496
135925
99815
100862
99538
101663
100517
99956
101169
99947
100526
100129
100066
100679
101297
99403
100939
100749
182710
99098
99433
100329
100848
99885
100034
101385
101405
101341
101345
101382
136632
101558
99846
99904
100438
101222
101305
101200
99188
99714
99838
182711
101087
101460
100667
100482
101507
99400
100485
100808
99857
153446
135916
101371
101215
100299
101446
100041
101691
101693
101692
101690
100243
100071
99379
101513
99509
100700
100819
99910
99775
101464
101163
101280
100036
100709
99435
100755
152965
101679
99137
101648
101817
99912
100157
100664
99923
99215
101622
100390
107621
100483
99654
100356
99836
101248
100376
100208
108495
111113
100843
100251
99517
100112
100787
99436
99967
100045
152170
99505
99736
99460
99949
100167
100187
100217
100231
100238
100259
100273
100274
100676
100705
100785
100846
100849
100852
100894
101050
99224
99308
99546
101135
100419
100643
100448
99474
100388
101160
99840
99876
100437
101178
101156
99542
101790
101456
100149
100197
100381
101682
100106
101430
100008
182713
99745
99778
107410
111040
99785
101762
101754
99456
100296
99744
99360
100002
100082
100286
99313
99740
101801
99423
100316
101530
119840
101466
101521
100122
99425
105143
100994
99711
99993
136378
100110
99975
99819
100738
101745
101111
101265
101323
101621
99979
99368
99451
100013
100866
99974
101206
99570
100057
100763
100491
107620
100486
100490
100039
100707
99376
100480
99637
100688
137793
100792
99380
100033
101675
99138
100176
101273
99805
100488
101559
99712
100073
99115
99638
100487
101791
152166
100759
152185
152222
101286
152165
99890
101329
101355
101370
101376
101393
101346
101360
101333
101350
100455
100458
99581
99353
99899
100440
99901
101818
99898
99905
99903
116517
99599
99056
100435
100069
100529
137032
99463
101795
100421
100531
100814
99513
101656
100556
100494
99596
101060
100493
100668
100905
99854
100075
101254
101800
100113
101595
99370
99125
99720
100845
99034
99161
100242
100156
99387
100290
100772
99847
100003
182714
100926
100911
101256
112258
116516
100136
